[0 0 0 0 0 '*' 0 0 0 0]
 ['Aagent3' 0 0 0 0 0 0 0 0 0]
 [0 'Aagent2' 0 0 0 0 0 0 '*' 0]
 [0 0 0 0 0 0 0 0 '*' 0]
 ['Aagent0' 0 0 0 0 0 0 0 0 'P']]
[[1 'Aagent1' 1 1 1 1 'Aagent5' 1 1 1]
 [1 1 1 1 1 1 1 1 1 1]
 [1 1 1 1 1 1 1 1 1 1]
 [1 1 1 1 1 1 1 1 1 1]
 [1 1 1 1 1 '*' 1 1 1 1]
 [1 1 1 1 1 '*' 1 1 1 1]
 ['Aagent3' 1 1 1 1 1 1 1 1 1]
 [1 'Aagent2' 1 1 1 1 1 1 '*' 1]
 [1 1 1 1 1 1 1 1 '*' 1]
 ['Aagent0' 1 1 1 1 1 1 1 1 1]]
[[1 0 1 1 1 1 0 1 1 1]
 [1 1 1 1 1 1 1 1 1 1]
 [1 1 1 1 1 1 1 1 1 1]
 [1 1 1 1 1 1 1 1 1 1]
 [1 1 1 1 1 0 1 1 1 1]
 [1 1 1 1 1 0 1 1 1 1]
 [0 1 1 1 1 1 1 1 1 1]
 [1 0 1 1 1 1 1 1 0 1]
 [1 1 1 1 1 1 1 1 0 1]
 [0 1 1 1 1 1 1 1 1 1]]
End of MakesMove: (1, 2)
self.goal) (0, 0)
main\ agentId: agent5 start: (0, 6) end: (0, 0)
[['D' 'Aagent1' 0 0 0 0 0 0 0 'P']
 [0 0 'Aagent4' 0 0 0 0 0 0 0]
 [0 0 0 0 0 0 0 0 0 0]
 [0 0 0 0 0 0 0 0 0 0]
 [0 0 0 0 0 '*' 0 0 0 'P']
 [0 0 0 0 0 '*' 0 0 0 0]
 ['Aagent3' 0 0 0 0 0 0 0 0 0]
 [0 'Aagent2' 0 0 0 0 0 0 '*' 0]
 [0 0 0 0 0 0 0 0 '*' 0]
 ['Aagent0' 0 0 0 0 0 0 0 0 'P']]
[[1 'Aagent1' 1 1 1 1 1 1 1 1]
 [1 1 'Aagent4' 1 1 1 1 1 1 1]
 [1 1 1 1 1 1 1 1 1 1]
 [1 1 1 1 1 1 1 1 1 1]
 [1 1 1 1 1 '*' 1 1 1 1]
 [1 1 1 1 1 '*' 1 1 1 1]
 ['Aagent3' 1 1 1 1 1 1 1 1 1]
 [1 'Aagent2' 1 1 1 1 1 1 '*' 1]
 [1 1 1 1 1 1 1 1 '*' 1]
 ['Aagent0' 1 1 1 1 1 1 1 1 1]]
[[1 0 1 1 1 1 1 1 1 1]
 [1 1 0 1 1 1 1 1 1 1]
 [1 1 1 1 1 1 1 1 1 1]
 [1 1 1 1 1 1 1 1 1 1]
 [1 1 1 1 1 0 1 1 1 1]
 [1 1 1 1 1 0 1 1 1 1]
 [0 1 1 1 1 1 1 1 1 1]
 [1 0 1 1 1 1 1 1 0 1]
 [1 1 1 1 1 1 1 1 0 1]
 [0 1 1 1 1 1 1 1 1 1]]
End of MakesMove: (0, 5)
DONE HERE Agent_State._Done Agent_State._Done
self.goal) (8, 0)
main\ agentId: agent1 start: (0, 1) end: (8, 0)
[['D' 0 0 0 0 'Aagent5' 0 0 0 'P']
 [0 0 'Aagent4' 0 0 0 0 0 0 0]
 [0 0 0 0 0 0 0 0 0 0]
 [0 0 0 0 0 0 0 0 0 0]
 [0 0 0 0 0 '*' 0 0 0 'P']
 [0 0 0 0 0 '*' 0 0 0 0]
 ['Aagent3' 0 0 0 0 0 0 0 0 0]
 [0 'Aagent2' 0 0 0 0 0 0 '*' 0]
 [0 0 0 0 0 0 0 0 '*' 0]
 ['Aagent0' 0 0 0 0 0 0 0 0 'P']]
[[1 1 1 1 1 'Aagent5' 1 1 1 1]
 [1 1 'Aagent4' 1 1 1 1 1 1 1]
 [1 1 1 1 1 1 1 1 1 1]
 [1 1 1 1 1 1 1 1 1 1]
 [1 1 1 1 1 '*' 1 1 1 1]
 [1 1 1 1 1 '*' 1 1 1 1]
 ['Aagent3' 1 1 1 1 1 1 1 1 1]
 [1 'Aagent2' 1 1 1 1 1 1 '*' 1]
 [1 1 1 1 1 1 1 1 '*' 1]
 ['Aagent0' 1 1 1 1 1 1 1 1 1]]
[[1 1 1 1 1 0 1 1 1 1]
 [1 1 0 1 1 1 1 1 1 1]
 [1 1 1 1 1 1 1 1 1 1]
 [1 1 1 1 1 1 1 1 1 1]
 [1 1 1 1 1 0 1 1 1 1]
 [1 1 1 1 1 0 1 1 1 1]
 [0 1 1 1 1 1 1 1 1 1]
 [1 0 1 1 1 1 1 1 0 1]
 [1 1 1 1 1 1 1 1 0 1]
 [0 1 1 1 1 1 1 1 1 1]]
End of MakesMove: (1, 1)
self.goal) (7, 0)
main\ agentId: agent2 start: (7, 1) end: (7, 0)
[['D' 0 0 0 0 'Aagent5' 0 0 0 'P']
 [0 'Aagent1' 'Aagent4' 0 0 0 0 0 0 0]
 [0 0 0 0 0 0 0 0 0 0]
 [0 0 0 0 0 0 0 0 0 0]
 [0 0 0 0 0 '*' 0 0 0 'P']
 [0 0 0 0 0 '*' 0 0 0 0]
 ['Aagent3' 0 0 0 0 0 0 0 0 0]
 [0 0 0 0 0 0 0 0 '*' 0]
 [0 0 0 0 0 0 0 0 '*' 0]
 ['Aagent0' 0 0 0 0 0 0 0 0 'P']]
[[1 1 1 1 1 'Aagent5' 1 1 1 1]
 [1 'Aagent1' 'Aagent4' 1 1 1 1 1 1 1]
 [1 1 1 1 1 1 1 1 1 1]
 [1 1 1 1 1 1 1 1 1 1]
 [1 1 1 1 1 '*' 1 1 1 1]
 [1 1 1 1 1 '*' 1 1 1 1]
 ['Aagent3' 1 1 1 1 1 1 1 1 1]
 [1 1 1 1 1 1 1 1 '*' 1]
 [1 1 1 1 1 1 1 1 '*' 1]
 ['Aagent0' 1 1 1 1 1 1 1 1 1]]
[[1 1 1 1 1 0 1 1 1 1]
 [1 0 0 1 1 1 1 1 1 1]
 [1 1 1 1 1 1 1 1 1 1]
 [1 1 1 1 1 1 1 1 1 1]
 [1 1 1 1 1 0 1 1 1 1]
 [1 1 1 1 1 0 1 1 1 1]
 [0 1 1 1 1 1 1 1 1 1]
 [1 1 1 1 1 1 1 1 0 1]
 [1 1 1 1 1 1 1 1 0 1]
 [0 1 1 1 1 1 1 1 1 1]]
End of MakesMove: (7, 0)
DONE HERE Agent_State._Done Agent_State._Done
self.goal) (0, 0)
main\ agentId: agent4 start: (1, 2) end: (0, 0)
[['D' 0 0 0 0 'Aagent5' 0 0 0 'P']
 [0 'Aagent1' 0 0 0 0 0 0 0 0]
 [0 0 0 0 0 0 0 0 0 0]
 [0 0 0 0 0 0 0 0 0 0]
 [0 0 0 0 0 '*' 0 0 0 'P']
 [0 0 0 0 0 '*' 0 0 0 0]
 ['Aagent3' 0 0 0 0 0 0 0 0 0]
 ['Aagent2' 0 0 0 0 0 0 0 '*' 0]
 [0 0 0 0 0 0 0 0 '*' 0]
 ['Aagent0' 0 0 0 0 0 0 0 0 'P']]
[[1 1 1 1 1 'Aagent5' 1 1 1 1]
 [1 0 1 1 1 1 1 1 1 1]
 [1 1 1 1 1 1 1 1 1 1]
 [1 1 1 1 1 1 1 1 1 1]
 [1 1 1 1 1 '*' 1 1 1 1]
 [1 1 1 1 1 '*' 1 1 1 1]
 ['Aagent3' 1 1 1 1 1 1 1 1 1]
 ['Aagent2' 1 1 1 1 1 1 1 '*' 1]
 [1 1 1 1 1 1 1 1 '*' 1]
 ['Aagent0' 1 1 1 1 1 1 1 1 1]]
[[1 1 1 1 1 0 1 1 1 1]
 [1 0 1 1 1 1 1 1 1 1]
 [1 1 1 1 1 1 1 1 1 1]
 [1 1 1 1 1 1 1 1 1 1]
 [1 1 1 1 1 0 1 1 1 1]
 [1 1 1 1 1 0 1 1 1 1]
 [0 1 1 1 1 1 1 1 1 1]
 [0 1 1 1 1 1 1 1 0 1]
 [1 1 1 1 1 1 1 1 0 1]
 [0 1 1 1 1 1 1 1 1 1]]
End of MakesMove: (0, 2)
self.goal) (0, 0)
main\ agentId: agent5 start: (0, 5) end: (0, 0)
[['D' 0 'Aagent4' 0 0 0 0 0 0 'P']
 [0 'Aagent1' 0 0 0 0 0 0 0 0]
 [0 0 0 0 0 0 0 0 0 0]
 [0 0 0 0 0 0 0 0 0 0]
 [0 0 0 0 0 '*' 0 0 0 'P']
 [0 0 0 0 0 '*' 0 0 0 0]
 ['Aagent3' 0 0 0 0 0 0 0 0 0]
 ['Aagent2' 0 0 0 0 0 0 0 '*' 0]
 [0 0 0 0 0 0 0 0 '*' 0]
 ['Aagent0' 0 0 0 0 0 0 0 0 'P']]
[[1 1 'Aagent4' 1 1 1 1 1 1 1]
 [1 'Aagent1' 1 1 1 1 1 1 1 1]
 [1 1 1 1 1 1 1 1 1 1]
 [1 1 1 1 1 1 1 1 1 1]
 [1 1 1 1 1 '*' 1 1 1 1]
 [1 1 1 1 1 '*' 1 1 1 1]
 ['Aagent3' 1 1 1 1 1 1 1 1 1]
 ['Aagent2' 1 1 1 1 1 1 1 '*' 1]
 [1 1 1 1 1 1 1 1 '*' 1]
 ['Aagent0' 1 1 1 1 1 1 1 1 1]]
[[1 1 0 1 1 1 1 1 1 1]
 [1 0 1 1 1 1 1 1 1 1]
 [1 1 1 1 1 1 1 1 1 1]
 [1 1 1 1 1 1 1 1 1 1]
 [1 1 1 1 1 0 1 1 1 1]
 [1 1 1 1 1 0 1 1 1 1]
 [0 1 1 1 1 1 1 1 1 1]
 [0 1 1 1 1 1 1 1 0 1]
 [1 1 1 1 1 1 1 1 0 1]
 [0 1 1 1 1 1 1 1 1 1]]
End of MakesMove: (1, 5)
DONE HERE Agent_State._Done Agent_State._Done
self.goal) (8, 0)
main\ agentId: agent1 start: (1, 1) end: (8, 0)
[['D' 0 'Aagent4' 0 0 0 0 0 0 'P']
 [0 0 0 0 0 'Aagent5' 0 0 0 0]
 [0 0 0 0 0 0 0 0 0 0]
 [0 0 0 0 0 0 0 0 0 0]
 [0 0 0 0 0 '*' 0 0 0 'P']
 [0 0 0 0 0 '*' 0 0 0 0]
 ['Aagent3' 0 0 0 0 0 0 0 0 0]
 ['Aagent2' 0 0 0 0 0 0 0 '*' 0]
 [0 0 0 0 0 0 0 0 '*' 0]
 ['Aagent0' 0 0 0 0 0 0 0 0 'P']]
[[1 1 'Aagent4' 1 1 1 1 1 1 1]
 [1 1 1 1 1 'Aagent5' 1 1 1 1]
 [1 1 1 1 1 1 1 1 1 1]
 [1 1 1 1 1 1 1 1 1 1]
 [1 1 1 1 1 '*' 1 1 1 1]
 [1 1 1 1 1 '*' 1 1 1 1]
 ['Aagent3' 1 1 1 1 1 1 1 1 1]
 ['Aagent2' 1 1 1 1 1 1 1 '*' 1]
 [1 1 1 1 1 1 1 1 '*' 1]
 ['Aagent0' 1 1 1 1 1 1 1 1 1]]
[[1 1 0 1 1 1 1 1 1 1]
 [1 1 1 1 1 0 1 1 1 1]
 [1 1 1 1 1 1 1 1 1 1]
 [1 1 1 1 1 1 1 1 1 1]
 [1 1 1 1 1 0 1 1 1 1]
 [1 1 1 1 1 0 1 1 1 1]
 [0 1 1 1 1 1 1 1 1 1]
 [0 1 1 1 1 1 1 1 0 1]
 [1 1 1 1 1 1 1 1 0 1]
 [0 1 1 1 1 1 1 1 1 1]]
End of MakesMove: (2, 1)
DONE HERE Agent_State._Done Agent_State._Done
DONE HERE Agent_State._Done Agent_State._Done
self.goal) (0, 0)
main\ agentId: agent4 start: (0, 2) end: (0, 0)
[['D' 0 0 0 0 0 0 0 0 'P']
 [0 0 0 0 0 'Aagent5' 0 0 0 0]
 [0 'Aagent1' 0 0 0 0 0 0 0 0]
 [0 0 0 0 0 0 0 0 0 0]
 [0 0 0 0 0 '*' 0 0 0 'P']
 [0 0 0 0 0 '*' 0 0 0 0]
 ['Aagent3' 0 0 0 0 0 0 0 0 0]
 ['Aagent2' 0 0 0 0 0 0 0 '*' 0]
 [0 0 0 0 0 0 0 0 '*' 0]
 ['Aagent0' 0 0 0 0 0 0 0 0 'P']]
[[1 1 1 1 1 1 1 1 1 1]
 [1 1 1 1 1 'Aagent5' 1 1 1 1]
 [1 'Aagent1' 1 1 1 1 1 1 1 1]
 [1 1 1 1 1 1 1 1 1 1]
 [1 1 1 1 1 '*' 1 1 1 1]
 [1 1 1 1 1 '*' 1 1 1 1]
 ['Aagent3' 1 1 1 1 1 1 1 1 1]
 ['Aagent2' 1 1 1 1 1 1 1 '*' 1]
 [1 1 1 1 1 1 1 1 '*' 1]
 ['Aagent0' 1 1 1 1 1 1 1 1 1]]
[[1 1 1 1 1 1 1 1 1 1]
 [1 1 1 1 1 0 1 1 1 1]
 [1 0 1 1 1 1 1 1 1 1]
 [1 1 1 1 1 1 1 1 1 1]
 [1 1 1 1 1 0 1 1 1 1]
 [1 1 1 1 1 0 1 1 1 1]
 [0 1 1 1 1 1 1 1 1 1]
 [0 1 1 1 1 1 1 1 0 1]
 [1 1 1 1 1 1 1 1 0 1]
 [0 1 1 1 1 1 1 1 1 1]]
End of MakesMove: (0, 1)
self.goal) (0, 0)
main\ agentId: agent5 start: (1, 5) end: (0, 0)
[['D' 'Aagent4' 0 0 0 0 0 0 0 'P']
 [0 0 0 0 0 0 0 0 0 0]
 [0 'Aagent1' 0 0 0 0 0 0 0 0]
 [0 0 0 0 0 0 0 0 0 0]
 [0 0 0 0 0 '*' 0 0 0 'P']
 [0 0 0 0 0 '*' 0 0 0 0]
 ['Aagent3' 0 0 0 0 0 0 0 0 0]
 ['Aagent2' 0 0 0 0 0 0 0 '*' 0]
 [0 0 0 0 0 0 0 0 '*' 0]
 ['Aagent0' 0 0 0 0 0 0 0 0 'P']]
[[1 'Aagent4' 1 1 1 1 1 1 1 1]
 [1 1 1 1 1 1 1 1 1 1]
 [1 'Aagent1' 1 1 1 1 1 1 1 1]
 [1 1 1 1 1 1 1 1 1 1]
 [1 1 1 1 1 '*' 1 1 1 1]
 [1 1 1 1 1 '*' 1 1 1 1]
 ['Aagent3' 1 1 1 1 1 1 1 1 1]
 ['Aagent2' 1 1 1 1 1 1 1 '*' 1]
 [1 1 1 1 1 1 1 1 '*' 1]
 ['Aagent0' 1 1 1 1 1 1 1 1 1]]
[[1 0 1 1 1 1 1 1 1 1]
 [1 1 1 1 1 1 1 1 1 1]
 [1 0 1 1 1 1 1 1 1 1]
 [1 1 1 1 1 1 1 1 1 1]
 [1 1 1 1 1 0 1 1 1 1]
 [1 1 1 1 1 0 1 1 1 1]
 [0 1 1 1 1 1 1 1 1 1]
 [0 1 1 1 1 1 1 1 0 1]
 [1 1 1 1 1 1 1 1 0 1]
 [0 1 1 1 1 1 1 1 1 1]]
End of MakesMove: (1, 4)
DONE HERE Agent_State._Done Agent_State._Done
self.goal) (8, 0)
main\ agentId: agent1 start: (2, 1) end: (8, 0)
[['D' 'Aagent4' 0 0 0 0 0 0 0 'P']
 [0 0 0 0 'Aagent5' 0 0 0 0 0]
 [0 0 0 0 0 0 0 0 0 0]
 [0 0 0 0 0 0 0 0 0 0]
 [0 0 0 0 0 '*' 0 0 0 'P']
 [0 0 0 0 0 '*' 0 0 0 0]
 ['Aagent3' 0 0 0 0 0 0 0 0 0]
 ['Aagent2' 0 0 0 0 0 0 0 '*' 0]
 [0 0 0 0 0 0 0 0 '*' 0]
 ['Aagent0' 0 0 0 0 0 0 0 0 'P']]
[[1 'Aagent4' 1 1 1 1 1 1 1 1]
 [1 1 1 1 'Aagent5' 1 1 1 1 1]
 [1 1 1 1 1 1 1 1 1 1]
 [1 1 1 1 1 1 1 1 1 1]
 [1 1 1 1 1 '*' 1 1 1 1]
 [1 1 1 1 1 '*' 1 1 1 1]
 ['Aagent3' 1 1 1 1 1 1 1 1 1]
 ['Aagent2' 1 1 1 1 1 1 1 '*' 1]
 [1 1 1 1 1 1 1 1 '*' 1]
 ['Aagent0' 1 1 1 1 1 1 1 1 1]]
[[1 0 1 1 1 1 1 1 1 1]
 [1 1 1 1 0 1 1 1 1 1]
 [1 1 1 1 1 1 1 1 1 1]
 [1 1 1 1 1 1 1 1 1 1]
 [1 1 1 1 1 0 1 1 1 1]
 [1 1 1 1 1 0 1 1 1 1]
 [0 1 1 1 1 1 1 1 1 1]
 [0 1 1 1 1 1 1 1 0 1]
 [1 1 1 1 1 1 1 1 0 1]
 [0 1 1 1 1 1 1 1 1 1]]
End of MakesMove: (3, 1)
DONE HERE Agent_State._Done Agent_State._Done
DONE HERE Agent_State._Done Agent_State._Done
self.goal) (0, 0)
main\ agentId: agent4 start: (0, 1) end: (0, 0)
[['D' 0 0 0 0 0 0 0 0 'P']
 [0 0 0 0 'Aagent5' 0 0 0 0 0]
 [0 0 0 0 0 0 0 0 0 0]
 [0 'Aagent1' 0 0 0 0 0 0 0 0]
 [0 0 0 0 0 '*' 0 0 0 'P']
 [0 0 0 0 0 '*' 0 0 0 0]
 ['Aagent3' 0 0 0 0 0 0 0 0 0]
 ['Aagent2' 0 0 0 0 0 0 0 '*' 0]
 [0 0 0 0 0 0 0 0 '*' 0]
 ['Aagent0' 0 0 0 0 0 0 0 0 'P']]
[[1 1 1 1 1 1 1 1 1 1]
 [1 1 1 1 'Aagent5' 1 1 1 1 1]
 [1 1 1 1 1 1 1 1 1 1]
 [1 'Aagent1' 1 1 1 1 1 1 1 1]
 [1 1 1 1 1 '*' 1 1 1 1]
 [1 1 1 1 1 '*' 1 1 1 1]
 ['Aagent3' 1 1 1 1 1 1 1 1 1]
 ['Aagent2' 1 1 1 1 1 1 1 '*' 1]
 [1 1 1 1 1 1 1 1 '*' 1]
 ['Aagent0' 1 1 1 1 1 1 1 1 1]]
[[1 1 1 1 1 1 1 1 1 1]
 [1 1 1 1 0 1 1 1 1 1]
 [1 1 1 1 1 1 1 1 1 1]
 [1 0 1 1 1 1 1 1 1 1]
 [1 1 1 1 1 0 1 1 1 1]
 [1 1 1 1 1 0 1 1 1 1]
 [0 1 1 1 1 1 1 1 1 1]
 [0 1 1 1 1 1 1 1 0 1]
 [1 1 1 1 1 1 1 1 0 1]
 [0 1 1 1 1 1 1 1 1 1]]
End of MakesMove: (0, 0)
self.goal) (0, 0)
main\ agentId: agent5 start: (1, 4) end: (0, 0)
[['Aagent4' 0 0 0 0 0 0 0 0 'P']
 [0 0 0 0 0 0 0 0 0 0]
 [0 0 0 0 0 0 0 0 0 0]
 [0 'Aagent1' 0 0 0 0 0 0 0 0]
 [0 0 0 0 0 '*' 0 0 0 'P']
 [0 0 0 0 0 '*' 0 0 0 0]
 ['Aagent3' 0 0 0 0 0 0 0 0 0]
 ['Aagent2' 0 0 0 0 0 0 0 '*' 0]
 [0 0 0 0 0 0 0 0 '*' 0]
 ['Aagent0' 0 0 0 0 0 0 0 0 'P']]
[['Aagent4' 1 1 1 1 1 1 1 1 1]
 [1 1 1 1 1 1 1 1 1 1]
 [1 1 1 1 1 1 1 1 1 1]
 [1 'Aagent1' 1 1 1 1 1 1 1 1]
 [1 1 1 1 1 '*' 1 1 1 1]
 [1 1 1 1 1 '*' 1 1 1 1]
 ['Aagent3' 1 1 1 1 1 1 1 1 1]
 ['Aagent2' 1 1 1 1 1 1 1 '*' 1]
 [1 1 1 1 1 1 1 1 '*' 1]
 ['Aagent0' 1 1 1 1 1 1 1 1 1]]
[[0 1 1 1 1 1 1 1 1 1]
 [1 1 1 1 1 1 1 1 1 1]
 [1 1 1 1 1 1 1 1 1 1]
 [1 0 1 1 1 1 1 1 1 1]
 [1 1 1 1 1 0 1 1 1 1]
 [1 1 1 1 1 0 1 1 1 1]
 [0 1 1 1 1 1 1 1 1 1]
 [0 1 1 1 1 1 1 1 0 1]
 [1 1 1 1 1 1 1 1 0 1]
 [0 1 1 1 1 1 1 1 1 1]]
RANDOMSTEP INPUT (1, 4)
HERE I AM 1
x and y 0 4
End of MakesMove: (0, 4)
DONE HERE Agent_State._Done Agent_State._Done
self.goal) (8, 0)
main\ agentId: agent1 start: (3, 1) end: (8, 0)
[['Aagent4' 0 0 0 'Aagent5' 0 0 0 0 'P']
 [0 0 0 0 0 0 0 0 0 0]
 [0 0 0 0 0 0 0 0 0 0]
 [0 0 0 0 0 0 0 0 0 0]
 [0 0 0 0 0 '*' 0 0 0 'P']
 [0 0 0 0 0 '*' 0 0 0 0]
 ['Aagent3' 0 0 0 0 0 0 0 0 0]
 ['Aagent2' 0 0 0 0 0 0 0 '*' 0]
 [0 0 0 0 0 0 0 0 '*' 0]
 ['Aagent0' 0 0 0 0 0 0 0 0 'P']]
[['Aagent4' 1 1 1 'Aagent5' 1 1 1 1 1]
 [1 1 1 1 1 1 1 1 1 1]
 [1 1 1 1 1 1 1 1 1 1]
 [1 1 1 1 1 1 1 1 1 1]
 [1 1 1 1 1 '*' 1 1 1 1]
 [1 1 1 1 1 '*' 1 1 1 1]
 ['Aagent3' 1 1 1 1 1 1 1 1 1]
 ['Aagent2' 1 1 1 1 1 1 1 '*' 1]
 [1 1 1 1 1 1 1 1 '*' 1]
 ['Aagent0' 1 1 1 1 1 1 1 1 1]]
[[0 1 1 1 0 1 1 1 1 1]
 [1 1 1 1 1 1 1 1 1 1]
 [1 1 1 1 1 1 1 1 1 1]
 [1 1 1 1 1 1 1 1 1 1]
 [1 1 1 1 1 0 1 1 1 1]
 [1 1 1 1 1 0 1 1 1 1]
 [0 1 1 1 1 1 1 1 1 1]
 [0 1 1 1 1 1 1 1 0 1]
 [1 1 1 1 1 1 1 1 0 1]
 [0 1 1 1 1 1 1 1 1 1]]
End of MakesMove: (4, 1)
DONE HERE Agent_State._Done Agent_State._Done
DONE HERE Agent_State._Done Agent_State._Done
DELIVERING HERE Agent_State._Delivering Agent_State._Delivering
self.goal) (0, 0)
main\ agentId: agent5 start: (0, 4) end: (0, 0)
[['Aagent4' 0 0 0 0 0 0 0 0 'P']
 [0 0 0 0 0 0 0 0 0 0]
 [0 0 0 0 0 0 0 0 0 0]
 [0 0 0 0 0 0 0 0 0 0]
 [0 'Aagent1' 0 0 0 '*' 0 0 0 'P']
 [0 0 0 0 0 '*' 0 0 0 0]
 ['Aagent3' 0 0 0 0 0 0 0 0 0]
 ['Aagent2' 0 0 0 0 0 0 0 '*' 0]
 [0 0 0 0 0 0 0 0 '*' 0]
 ['Aagent0' 0 0 0 0 0 0 0 0 'P']]
[['Aagent4' 1 1 1 1 1 1 1 1 1]
 [1 1 1 1 1 1 1 1 1 1]
 [1 1 1 1 1 1 1 1 1 1]
 [1 1 1 1 1 1 1 1 1 1]
 [1 'Aagent1' 1 1 1 '*' 1 1 1 1]
 [1 1 1 1 1 '*' 1 1 1 1]
 ['Aagent3' 1 1 1 1 1 1 1 1 1]
 ['Aagent2' 1 1 1 1 1 1 1 '*' 1]
 [1 1 1 1 1 1 1 1 '*' 1]
 ['Aagent0' 1 1 1 1 1 1 1 1 1]]
[[0 1 1 1 1 1 1 1 1 1]
 [1 1 1 1 1 1 1 1 1 1]
 [1 1 1 1 1 1 1 1 1 1]
 [1 1 1 1 1 1 1 1 1 1]
 [1 0 1 1 1 0 1 1 1 1]
 [1 1 1 1 1 0 1 1 1 1]
 [0 1 1 1 1 1 1 1 1 1]
 [0 1 1 1 1 1 1 1 0 1]
 [1 1 1 1 1 1 1 1 0 1]
 [0 1 1 1 1 1 1 1 1 1]]
RANDOMSTEP INPUT (0, 4)
HERE I AM 2
x and y 0 5
End of MakesMove: (0, 5)
DONE HERE Agent_State._Done Agent_State._Done
self.goal) (8, 0)
main\ agentId: agent1 start: (4, 1) end: (8, 0)
[['Aagent4' 0 0 0 0 'Aagent5' 0 0 0 'P']
 [0 0 0 0 0 0 0 0 0 0]
 [0 0 0 0 0 0 0 0 0 0]
 [0 0 0 0 0 0 0 0 0 0]
 [0 0 0 0 0 '*' 0 0 0 'P']
 [0 0 0 0 0 '*' 0 0 0 0]
 ['Aagent3' 0 0 0 0 0 0 0 0 0]
 ['Aagent2' 0 0 0 0 0 0 0 '*' 0]
 [0 0 0 0 0 0 0 0 '*' 0]
 ['Aagent0' 0 0 0 0 0 0 0 0 'P']]
[['Aagent4' 1 1 1 1 'Aagent5' 1 1 1 1]
 [1 1 1 1 1 1 1 1 1 1]
 [1 1 1 1 1 1 1 1 1 1]
 [1 1 1 1 1 1 1 1 1 1]
 [1 1 1 1 1 '*' 1 1 1 1]
 [1 1 1 1 1 '*' 1 1 1 1]
 ['Aagent3' 1 1 1 1 1 1 1 1 1]
 ['Aagent2' 1 1 1 1 1 1 1 '*' 1]
 [1 1 1 1 1 1 1 1 '*' 1]
 ['Aagent0' 1 1 1 1 1 1 1 1 1]]
[[0 1 1 1 1 0 1 1 1 1]
 [1 1 1 1 1 1 1 1 1 1]
 [1 1 1 1 1 1 1 1 1 1]
 [1 1 1 1 1 1 1 1 1 1]
 [1 1 1 1 1 0 1 1 1 1]
 [1 1 1 1 1 0 1 1 1 1]
 [0 1 1 1 1 1 1 1 1 1]
 [0 1 1 1 1 1 1 1 0 1]
 [1 1 1 1 1 1 1 1 0 1]
 [0 1 1 1 1 1 1 1 1 1]]
End of MakesMove: (5, 1)
DONE HERE Agent_State._Done Agent_State._Done
DONE HERE Agent_State._Done Agent_State._Done
self.goal) (5, 0)
main\ agentId: agent4 start: (0, 0) end: (5, 0)
[[0 0 0 0 0 'Aagent5' 0 0 0 'P']
 [0 0 0 0 0 0 0 0 0 0]
 [0 0 0 0 0 0 0 0 0 0]
 [0 0 0 0 0 0 0 0 0 0]
 [0 0 0 0 0 '*' 0 0 0 'P']
 [0 'Aagent1' 0 0 0 '*' 0 0 0 0]
 ['Aagent3' 0 0 0 0 0 0 0 0 0]
 ['Aagent2' 0 0 0 0 0 0 0 '*' 0]
 [0 0 0 0 0 0 0 0 '*' 0]
 ['Aagent0' 0 0 0 0 0 0 0 0 'P']]
[[1 1 1 1 1 'Aagent5' 1 1 1 1]
 [1 1 1 1 1 1 1 1 1 1]
 [1 1 1 1 1 1 1 1 1 1]
 [1 1 1 1 1 1 1 1 1 1]
 [1 1 1 1 1 '*' 1 1 1 1]
 [1 'Aagent1' 1 1 1 '*' 1 1 1 1]
 ['Aagent3' 1 1 1 1 1 1 1 1 1]
 ['Aagent2' 1 1 1 1 1 1 1 '*' 1]
 [1 1 1 1 1 1 1 1 '*' 1]
 ['Aagent0' 1 1 1 1 1 1 1 1 1]]
[[1 1 1 1 1 0 1 1 1 1]
 [1 1 1 1 1 1 1 1 1 1]
 [1 1 1 1 1 1 1 1 1 1]
 [1 1 1 1 1 1 1 1 1 1]
 [1 1 1 1 1 0 1 1 1 1]
 [1 0 1 1 1 0 1 1 1 1]
 [0 1 1 1 1 1 1 1 1 1]
 [0 1 1 1 1 1 1 1 0 1]
 [1 1 1 1 1 1 1 1 0 1]
 [0 1 1 1 1 1 1 1 1 1]]
End of MakesMove: (1, 0)
self.goal) (0, 0)
main\ agentId: agent5 start: (0, 5) end: (0, 0)
[['D' 0 0 0 0 0 0 0 0 'P']
 ['Aagent4' 0 0 0 0 0 0 0 0 0]
 [0 0 0 0 0 0 0 0 0 0]
 [0 0 0 0 0 0 0 0 0 0]
 [0 0 0 0 0 '*' 0 0 0 'P']
 [0 'Aagent1' 0 0 0 '*' 0 0 0 0]
 ['Aagent3' 0 0 0 0 0 0 0 0 0]
 ['Aagent2' 0 0 0 0 0 0 0 '*' 0]
 [0 0 0 0 0 0 0 0 '*' 0]
 ['Aagent0' 0 0 0 0 0 0 0 0 'P']]
[[1 1 1 1 1 1 1 1 1 1]
 ['Aagent4' 1 1 1 1 1 1 1 1 1]
 [1 1 1 1 1 1 1 1 1 1]
 [1 1 1 1 1 1 1 1 1 1]
 [1 1 1 1 1 '*' 1 1 1 1]
 [1 'Aagent1' 1 1 1 '*' 1 1 1 1]
 ['Aagent3' 1 1 1 1 1 1 1 1 1]
 ['Aagent2' 1 1 1 1 1 1 1 '*' 1]
 [1 1 1 1 1 1 1 1 '*' 1]
 ['Aagent0' 1 1 1 1 1 1 1 1 1]]
[[1 1 1 1 1 1 1 1 1 1]
 [0 1 1 1 1 1 1 1 1 1]
 [1 1 1 1 1 1 1 1 1 1]
 [1 1 1 1 1 1 1 1 1 1]
 [1 1 1 1 1 0 1 1 1 1]
 [1 0 1 1 1 0 1 1 1 1]
 [0 1 1 1 1 1 1 1 1 1]
 [0 1 1 1 1 1 1 1 0 1]
 [1 1 1 1 1 1 1 1 0 1]
 [0 1 1 1 1 1 1 1 1 1]]
End of MakesMove: (0, 4)
DONE HERE Agent_State._Done Agent_State._Done
self.goal) (8, 0)
main\ agentId: agent1 start: (5, 1) end: (8, 0)
[['D' 0 0 0 'Aagent5' 0 0 0 0 'P']
 ['Aagent4' 0 0 0 0 0 0 0 0 0]
 [0 0 0 0 0 0 0 0 0 0]
 [0 0 0 0 0 0 0 0 0 0]
 [0 0 0 0 0 '*' 0 0 0 'P']
 [0 0 0 0 0 '*' 0 0 0 0]
 ['Aagent3' 0 0 0 0 0 0 0 0 0]
 ['Aagent2' 0 0 0 0 0 0 0 '*' 0]
 [0 0 0 0 0 0 0 0 '*' 0]
 ['Aagent0' 0 0 0 0 0 0 0 0 'P']]
[[1 1 1 1 'Aagent5' 1 1 1 1 1]
 ['Aagent4' 1 1 1 1 1 1 1 1 1]
 [1 1 1 1 1 1 1 1 1 1]
 [1 1 1 1 1 1 1 1 1 1]
 [1 1 1 1 1 '*' 1 1 1 1]
 [1 1 1 1 1 '*' 1 1 1 1]
 ['Aagent3' 1 1 1 1 1 1 1 1 1]
 ['Aagent2' 1 1 1 1 1 1 1 '*' 1]
 [1 1 1 1 1 1 1 1 '*' 1]
 ['Aagent0' 1 1 1 1 1 1 1 1 1]]
[[1 1 1 1 0 1 1 1 1 1]
 [0 1 1 1 1 1 1 1 1 1]
 [1 1 1 1 1 1 1 1 1 1]
 [1 1 1 1 1 1 1 1 1 1]
 [1 1 1 1 1 0 1 1 1 1]
 [1 1 1 1 1 0 1 1 1 1]
 [0 1 1 1 1 1 1 1 1 1]
 [0 1 1 1 1 1 1 1 0 1]
 [1 1 1 1 1 1 1 1 0 1]
 [0 1 1 1 1 1 1 1 1 1]]
End of MakesMove: (6, 1)
DONE HERE Agent_State._Done Agent_State._Done
DONE HERE Agent_State._Done Agent_State._Done
self.goal) (5, 0)
main\ agentId: agent4 start: (1, 0) end: (5, 0)
[['D' 0 0 0 'Aagent5' 0 0 0 0 'P']
 [0 0 0 0 0 0 0 0 0 0]
 [0 0 0 0 0 0 0 0 0 0]
 [0 0 0 0 0 0 0 0 0 0]
 [0 0 0 0 0 '*' 0 0 0 'P']
 [0 0 0 0 0 '*' 0 0 0 0]
 ['Aagent3' 'Aagent1' 0 0 0 0 0 0 0 0]
 ['Aagent2' 0 0 0 0 0 0 0 '*' 0]
 [0 0 0 0 0 0 0 0 '*' 0]
 ['Aagent0' 0 0 0 0 0 0 0 0 'P']]
[[1 1 1 1 'Aagent5' 1 1 1 1 1]
 [1 1 1 1 1 1 1 1 1 1]
 [1 1 1 1 1 1 1 1 1 1]
 [1 1 1 1 1 1 1 1 1 1]
 [1 1 1 1 1 '*' 1 1 1 1]
 [1 1 1 1 1 '*' 1 1 1 1]
 ['Aagent3' 'Aagent1' 1 1 1 1 1 1 1 1]
 ['Aagent2' 1 1 1 1 1 1 1 '*' 1]
 [1 1 1 1 1 1 1 1 '*' 1]
 ['Aagent0' 1 1 1 1 1 1 1 1 1]]
[[1 1 1 1 0 1 1 1 1 1]
 [1 1 1 1 1 1 1 1 1 1]
 [1 1 1 1 1 1 1 1 1 1]
 [1 1 1 1 1 1 1 1 1 1]
 [1 1 1 1 1 0 1 1 1 1]
 [1 1 1 1 1 0 1 1 1 1]
 [0 0 1 1 1 1 1 1 1 1]
 [0 1 1 1 1 1 1 1 0 1]
 [1 1 1 1 1 1 1 1 0 1]
 [0 1 1 1 1 1 1 1 1 1]]
End of MakesMove: (2, 0)
self.goal) (0, 0)
main\ agentId: agent5 start: (0, 4) end: (0, 0)
[['D' 0 0 0 0 0 0 0 0 'P']
 [0 0 0 0 0 0 0 0 0 0]
 ['Aagent4' 0 0 0 0 0 0 0 0 0]
 [0 0 0 0 0 0 0 0 0 0]
 [0 0 0 0 0 '*' 0 0 0 'P']
 [0 0 0 0 0 '*' 0 0 0 0]
 ['Aagent3' 'Aagent1' 0 0 0 0 0 0 0 0]
 ['Aagent2' 0 0 0 0 0 0 0 '*' 0]
 [0 0 0 0 0 0 0 0 '*' 0]
 ['Aagent0' 0 0 0 0 0 0 0 0 'P']]
[[1 1 1 1 1 1 1 1 1 1]
 [1 1 1 1 1 1 1 1 1 1]
 ['Aagent4' 1 1 1 1 1 1 1 1 1]
 [1 1 1 1 1 1 1 1 1 1]
 [1 1 1 1 1 '*' 1 1 1 1]
 [1 1 1 1 1 '*' 1 1 1 1]
 ['Aagent3' 'Aagent1' 1 1 1 1 1 1 1 1]
 ['Aagent2' 1 1 1 1 1 1 1 '*' 1]
 [1 1 1 1 1 1 1 1 '*' 1]
 ['Aagent0' 1 1 1 1 1 1 1 1 1]]
[[1 1 1 1 1 1 1 1 1 1]
 [1 1 1 1 1 1 1 1 1 1]
 [0 1 1 1 1 1 1 1 1 1]
 [1 1 1 1 1 1 1 1 1 1]
 [1 1 1 1 1 0 1 1 1 1]
 [1 1 1 1 1 0 1 1 1 1]
 [0 0 1 1 1 1 1 1 1 1]
 [0 1 1 1 1 1 1 1 0 1]
 [1 1 1 1 1 1 1 1 0 1]
 [0 1 1 1 1 1 1 1 1 1]]
End of MakesMove: (0, 3)
DONE HERE Agent_State._Done Agent_State._Done
self.goal) (8, 0)
main\ agentId: agent1 start: (6, 1) end: (8, 0)
[['D' 0 0 'Aagent5' 0 0 0 0 0 'P']
 [0 0 0 0 0 0 0 0 0 0]
 ['Aagent4' 0 0 0 0 0 0 0 0 0]
 [0 0 0 0 0 0 0 0 0 0]
 [0 0 0 0 0 '*' 0 0 0 'P']
 [0 0 0 0 0 '*' 0 0 0 0]
 ['Aagent3' 0 0 0 0 0 0 0 0 0]
 ['Aagent2' 0 0 0 0 0 0 0 '*' 0]
 [0 0 0 0 0 0 0 0 '*' 0]
 ['Aagent0' 0 0 0 0 0 0 0 0 'P']]
[[1 1 1 'Aagent5' 1 1 1 1 1 1]
 [1 1 1 1 1 1 1 1 1 1]
 ['Aagent4' 1 1 1 1 1 1 1 1 1]
 [1 1 1 1 1 1 1 1 1 1]
 [1 1 1 1 1 '*' 1 1 1 1]
 [1 1 1 1 1 '*' 1 1 1 1]
 [0 1 1 1 1 1 1 1 1 1]
 ['Aagent2' 1 1 1 1 1 1 1 '*' 1]
 [1 1 1 1 1 1 1 1 '*' 1]
 ['Aagent0' 1 1 1 1 1 1 1 1 1]]
[[1 1 1 0 1 1 1 1 1 1]
 [1 1 1 1 1 1 1 1 1 1]
 [0 1 1 1 1 1 1 1 1 1]
 [1 1 1 1 1 1 1 1 1 1]
 [1 1 1 1 1 0 1 1 1 1]
 [1 1 1 1 1 0 1 1 1 1]
 [0 1 1 1 1 1 1 1 1 1]
 [0 1 1 1 1 1 1 1 0 1]
 [1 1 1 1 1 1 1 1 0 1]
 [0 1 1 1 1 1 1 1 1 1]]
End of MakesMove: (7, 1)
DONE HERE Agent_State._Done Agent_State._Done
DONE HERE Agent_State._Done Agent_State._Done
self.goal) (5, 0)
main\ agentId: agent4 start: (2, 0) end: (5, 0)
[['D' 0 0 'Aagent5' 0 0 0 0 0 'P']
 [0 0 0 0 0 0 0 0 0 0]
 [0 0 0 0 0 0 0 0 0 0]
 [0 0 0 0 0 0 0 0 0 0]
 [0 0 0 0 0 '*' 0 0 0 'P']
 [0 0 0 0 0 '*' 0 0 0 0]
 ['Aagent3' 0 0 0 0 0 0 0 0 0]
 ['Aagent2' 'Aagent1' 0 0 0 0 0 0 '*' 0]
 [0 0 0 0 0 0 0 0 '*' 0]
 ['Aagent0' 0 0 0 0 0 0 0 0 'P']]
[[1 1 1 'Aagent5' 1 1 1 1 1 1]
 [1 1 1 1 1 1 1 1 1 1]
 [1 1 1 1 1 1 1 1 1 1]
 [1 1 1 1 1 1 1 1 1 1]
 [1 1 1 1 1 '*' 1 1 1 1]
 [1 1 1 1 1 '*' 1 1 1 1]
 ['Aagent3' 1 1 1 1 1 1 1 1 1]
 ['Aagent2' 'Aagent1' 1 1 1 1 1 1 '*' 1]
 [1 1 1 1 1 1 1 1 '*' 1]
 ['Aagent0' 1 1 1 1 1 1 1 1 1]]
[[1 1 1 0 1 1 1 1 1 1]
 [1 1 1 1 1 1 1 1 1 1]
 [1 1 1 1 1 1 1 1 1 1]
 [1 1 1 1 1 1 1 1 1 1]
 [1 1 1 1 1 0 1 1 1 1]
 [1 1 1 1 1 0 1 1 1 1]
 [0 1 1 1 1 1 1 1 1 1]
 [0 0 1 1 1 1 1 1 0 1]
 [1 1 1 1 1 1 1 1 0 1]
 [0 1 1 1 1 1 1 1 1 1]]
End of MakesMove: (3, 0)
self.goal) (0, 0)
main\ agentId: agent5 start: (0, 3) end: (0, 0)
[['D' 0 0 0 0 0 0 0 0 'P']
 [0 0 0 0 0 0 0 0 0 0]
 [0 0 0 0 0 0 0 0 0 0]
 ['Aagent4' 0 0 0 0 0 0 0 0 0]
 [0 0 0 0 0 '*' 0 0 0 'P']
 [0 0 0 0 0 '*' 0 0 0 0]
 ['Aagent3' 0 0 0 0 0 0 0 0 0]
 ['Aagent2' 'Aagent1' 0 0 0 0 0 0 '*' 0]
 [0 0 0 0 0 0 0 0 '*' 0]
 ['Aagent0' 0 0 0 0 0 0 0 0 'P']]
[[1 1 1 1 1 1 1 1 1 1]
 [1 1 1 1 1 1 1 1 1 1]
 [1 1 1 1 1 1 1 1 1 1]
 ['Aagent4' 1 1 1 1 1 1 1 1 1]
 [1 1 1 1 1 '*' 1 1 1 1]
 [1 1 1 1 1 '*' 1 1 1 1]
 ['Aagent3' 1 1 1 1 1 1 1 1 1]
 ['Aagent2' 'Aagent1' 1 1 1 1 1 1 '*' 1]
 [1 1 1 1 1 1 1 1 '*' 1]
 ['Aagent0' 1 1 1 1 1 1 1 1 1]]
[[1 1 1 1 1 1 1 1 1 1]
 [1 1 1 1 1 1 1 1 1 1]
 [1 1 1 1 1 1 1 1 1 1]
 [0 1 1 1 1 1 1 1 1 1]
 [1 1 1 1 1 0 1 1 1 1]
 [1 1 1 1 1 0 1 1 1 1]
 [0 1 1 1 1 1 1 1 1 1]
 [0 0 1 1 1 1 1 1 0 1]
 [1 1 1 1 1 1 1 1 0 1]
 [0 1 1 1 1 1 1 1 1 1]]
End of MakesMove: (0, 2)
DONE HERE Agent_State._Done Agent_State._Done
self.goal) (8, 0)
main\ agentId: agent1 start: (7, 1) end: (8, 0)
[['D' 0 'Aagent5' 0 0 0 0 0 0 'P']
 [0 0 0 0 0 0 0 0 0 0]
 [0 0 0 0 0 0 0 0 0 0]
 ['Aagent4' 0 0 0 0 0 0 0 0 0]
 [0 0 0 0 0 '*' 0 0 0 'P']
 [0 0 0 0 0 '*' 0 0 0 0]
 ['Aagent3' 0 0 0 0 0 0 0 0 0]
 ['Aagent2' 0 0 0 0 0 0 0 '*' 0]
 [0 0 0 0 0 0 0 0 '*' 0]
 ['Aagent0' 0 0 0 0 0 0 0 0 'P']]
[[1 1 'Aagent5' 1 1 1 1 1 1 1]
 [1 1 1 1 1 1 1 1 1 1]
 [1 1 1 1 1 1 1 1 1 1]
 ['Aagent4' 1 1 1 1 1 1 1 1 1]
 [1 1 1 1 1 '*' 1 1 1 1]
 [1 1 1 1 1 '*' 1 1 1 1]
 ['Aagent3' 1 1 1 1 1 1 1 1 1]
 [0 1 1 1 1 1 1 1 '*' 1]
 [1 1 1 1 1 1 1 1 '*' 1]
 ['Aagent0' 1 1 1 1 1 1 1 1 1]]
[[1 1 0 1 1 1 1 1 1 1]
 [1 1 1 1 1 1 1 1 1 1]
 [1 1 1 1 1 1 1 1 1 1]
 [0 1 1 1 1 1 1 1 1 1]
 [1 1 1 1 1 0 1 1 1 1]
 [1 1 1 1 1 0 1 1 1 1]
 [0 1 1 1 1 1 1 1 1 1]
 [0 1 1 1 1 1 1 1 0 1]
 [1 1 1 1 1 1 1 1 0 1]
 [0 1 1 1 1 1 1 1 1 1]]
End of MakesMove: (8, 1)
DONE HERE Agent_State._Done Agent_State._Done
DONE HERE Agent_State._Done Agent_State._Done
self.goal) (5, 0)
main\ agentId: agent4 start: (3, 0) end: (5, 0)
[['D' 0 'Aagent5' 0 0 0 0 0 0 'P']
 [0 0 0 0 0 0 0 0 0 0]
 [0 0 0 0 0 0 0 0 0 0]
 [0 0 0 0 0 0 0 0 0 0]
 [0 0 0 0 0 '*' 0 0 0 'P']
 [0 0 0 0 0 '*' 0 0 0 0]
 ['Aagent3' 0 0 0 0 0 0 0 0 0]
 ['Aagent2' 0 0 0 0 0 0 0 '*' 0]
 [0 'Aagent1' 0 0 0 0 0 0 '*' 0]
 ['Aagent0' 0 0 0 0 0 0 0 0 'P']]
[[1 1 'Aagent5' 1 1 1 1 1 1 1]
 [1 1 1 1 1 1 1 1 1 1]
 [1 1 1 1 1 1 1 1 1 1]
 [1 1 1 1 1 1 1 1 1 1]
 [1 1 1 1 1 '*' 1 1 1 1]
 [1 1 1 1 1 '*' 1 1 1 1]
 ['Aagent3' 1 1 1 1 1 1 1 1 1]
 ['Aagent2' 1 1 1 1 1 1 1 '*' 1]
 [1 'Aagent1' 1 1 1 1 1 1 '*' 1]
 ['Aagent0' 1 1 1 1 1 1 1 1 1]]
[[1 1 0 1 1 1 1 1 1 1]
 [1 1 1 1 1 1 1 1 1 1]
 [1 1 1 1 1 1 1 1 1 1]
 [1 1 1 1 1 1 1 1 1 1]
 [1 1 1 1 1 0 1 1 1 1]
 [1 1 1 1 1 0 1 1 1 1]
 [0 1 1 1 1 1 1 1 1 1]
 [0 1 1 1 1 1 1 1 0 1]
 [1 0 1 1 1 1 1 1 0 1]
 [0 1 1 1 1 1 1 1 1 1]]
End of MakesMove: (4, 0)
self.goal) (0, 0)
main\ agentId: agent5 start: (0, 2) end: (0, 0)
[['D' 0 0 0 0 0 0 0 0 'P']
 [0 0 0 0 0 0 0 0 0 0]
 [0 0 0 0 0 0 0 0 0 0]
 [0 0 0 0 0 0 0 0 0 0]
 ['Aagent4' 0 0 0 0 '*' 0 0 0 'P']
 [0 0 0 0 0 '*' 0 0 0 0]
 ['Aagent3' 0 0 0 0 0 0 0 0 0]
 ['Aagent2' 0 0 0 0 0 0 0 '*' 0]
 [0 'Aagent1' 0 0 0 0 0 0 '*' 0]
 ['Aagent0' 0 0 0 0 0 0 0 0 'P']]
[[1 1 1 1 1 1 1 1 1 1]
 [1 1 1 1 1 1 1 1 1 1]
 [1 1 1 1 1 1 1 1 1 1]
 [1 1 1 1 1 1 1 1 1 1]
 ['Aagent4' 1 1 1 1 '*' 1 1 1 1]
 [1 1 1 1 1 '*' 1 1 1 1]
 ['Aagent3' 1 1 1 1 1 1 1 1 1]
 ['Aagent2' 1 1 1 1 1 1 1 '*' 1]
 [1 'Aagent1' 1 1 1 1 1 1 '*' 1]
 ['Aagent0' 1 1 1 1 1 1 1 1 1]]
[[1 1 1 1 1 1 1 1 1 1]
 [1 1 1 1 1 1 1 1 1 1]
 [1 1 1 1 1 1 1 1 1 1]
 [1 1 1 1 1 1 1 1 1 1]
 [0 1 1 1 1 0 1 1 1 1]
 [1 1 1 1 1 0 1 1 1 1]
 [0 1 1 1 1 1 1 1 1 1]
 [0 1 1 1 1 1 1 1 0 1]
 [1 0 1 1 1 1 1 1 0 1]
 [0 1 1 1 1 1 1 1 1 1]]
End of MakesMove: (0, 1)
DONE HERE Agent_State._Done Agent_State._Done
self.goal) (8, 0)
main\ agentId: agent1 start: (8, 1) end: (8, 0)
[['D' 'Aagent5' 0 0 0 0 0 0 0 'P']
 [0 0 0 0 0 0 0 0 0 0]
 [0 0 0 0 0 0 0 0 0 0]
 [0 0 0 0 0 0 0 0 0 0]
 ['Aagent4' 0 0 0 0 '*' 0 0 0 'P']
 [0 0 0 0 0 '*' 0 0 0 0]
 ['Aagent3' 0 0 0 0 0 0 0 0 0]
 ['Aagent2' 0 0 0 0 0 0 0 '*' 0]
 [0 0 0 0 0 0 0 0 '*' 0]
 ['Aagent0' 0 0 0 0 0 0 0 0 'P']]
[[1 'Aagent5' 1 1 1 1 1 1 1 1]
 [1 1 1 1 1 1 1 1 1 1]
 [1 1 1 1 1 1 1 1 1 1]
 [1 1 1 1 1 1 1 1 1 1]
 ['Aagent4' 1 1 1 1 '*' 1 1 1 1]
 [1 1 1 1 1 '*' 1 1 1 1]
 ['Aagent3' 1 1 1 1 1 1 1 1 1]
 ['Aagent2' 1 1 1 1 1 1 1 '*' 1]
 [1 1 1 1 1 1 1 1 '*' 1]
 ['Aagent0' 1 1 1 1 1 1 1 1 1]]
[[1 0 1 1 1 1 1 1 1 1]
 [1 1 1 1 1 1 1 1 1 1]
 [1 1 1 1 1 1 1 1 1 1]
 [1 1 1 1 1 1 1 1 1 1]
 [0 1 1 1 1 0 1 1 1 1]
 [1 1 1 1 1 0 1 1 1 1]
 [0 1 1 1 1 1 1 1 1 1]
 [0 1 1 1 1 1 1 1 0 1]
 [1 1 1 1 1 1 1 1 0 1]
 [0 1 1 1 1 1 1 1 1 1]]
End of MakesMove: (8, 0)
DONE HERE Agent_State._Done Agent_State._Done
DONE HERE Agent_State._Done Agent_State._Done
self.goal) (5, 0)
main\ agentId: agent4 start: (4, 0) end: (5, 0)
[['D' 'Aagent5' 0 0 0 0 0 0 0 'P']
 [0 0 0 0 0 0 0 0 0 0]
 [0 0 0 0 0 0 0 0 0 0]
 [0 0 0 0 0 0 0 0 0 0]
 [0 0 0 0 0 '*' 0 0 0 'P']
 [0 0 0 0 0 '*' 0 0 0 0]
 ['Aagent3' 0 0 0 0 0 0 0 0 0]
 ['Aagent2' 0 0 0 0 0 0 0 '*' 0]
 ['Aagent1' 0 0 0 0 0 0 0 '*' 0]
 ['Aagent0' 0 0 0 0 0 0 0 0 'P']]
[[1 'Aagent5' 1 1 1 1 1 1 1 1]
 [1 1 1 1 1 1 1 1 1 1]
 [1 1 1 1 1 1 1 1 1 1]
 [1 1 1 1 1 1 1 1 1 1]
 [1 1 1 1 1 '*' 1 1 1 1]
 [1 1 1 1 1 '*' 1 1 1 1]
 ['Aagent3' 1 1 1 1 1 1 1 1 1]
 ['Aagent2' 1 1 1 1 1 1 1 '*' 1]
 ['Aagent1' 1 1 1 1 1 1 1 '*' 1]
 ['Aagent0' 1 1 1 1 1 1 1 1 1]]
[[1 0 1 1 1 1 1 1 1 1]
 [1 1 1 1 1 1 1 1 1 1]
 [1 1 1 1 1 1 1 1 1 1]
 [1 1 1 1 1 1 1 1 1 1]
 [1 1 1 1 1 0 1 1 1 1]
 [1 1 1 1 1 0 1 1 1 1]
 [0 1 1 1 1 1 1 1 1 1]
 [0 1 1 1 1 1 1 1 0 1]
 [0 1 1 1 1 1 1 1 0 1]
 [0 1 1 1 1 1 1 1 1 1]]
End of MakesMove: (5, 0)
self.goal) (0, 0)
main\ agentId: agent5 start: (0, 1) end: (0, 0)
[['D' 0 0 0 0 0 0 0 0 'P']
 [0 0 0 0 0 0 0 0 0 0]
 [0 0 0 0 0 0 0 0 0 0]
 [0 0 0 0 0 0 0 0 0 0]
 [0 0 0 0 0 '*' 0 0 0 'P']
 ['Aagent4' 0 0 0 0 '*' 0 0 0 0]
 ['Aagent3' 0 0 0 0 0 0 0 0 0]
 ['Aagent2' 0 0 0 0 0 0 0 '*' 0]
 ['Aagent1' 0 0 0 0 0 0 0 '*' 0]
 ['Aagent0' 0 0 0 0 0 0 0 0 'P']]
[[1 1 1 1 1 1 1 1 1 1]
 [1 1 1 1 1 1 1 1 1 1]
 [1 1 1 1 1 1 1 1 1 1]
 [1 1 1 1 1 1 1 1 1 1]
 [1 1 1 1 1 '*' 1 1 1 1]
 ['Aagent4' 1 1 1 1 '*' 1 1 1 1]
 ['Aagent3' 1 1 1 1 1 1 1 1 1]
 ['Aagent2' 1 1 1 1 1 1 1 '*' 1]
 ['Aagent1' 1 1 1 1 1 1 1 '*' 1]
 ['Aagent0' 1 1 1 1 1 1 1 1 1]]
[[1 1 1 1 1 1 1 1 1 1]
 [1 1 1 1 1 1 1 1 1 1]
 [1 1 1 1 1 1 1 1 1 1]
 [1 1 1 1 1 1 1 1 1 1]
 [1 1 1 1 1 0 1 1 1 1]
 [0 1 1 1 1 0 1 1 1 1]
 [0 1 1 1 1 1 1 1 1 1]
 [0 1 1 1 1 1 1 1 0 1]
 [0 1 1 1 1 1 1 1 0 1]
 [0 1 1 1 1 1 1 1 1 1]]
End of MakesMove: (0, 0)
DONE HERE Agent_State._Done Agent_State._Done
DONE HERE Agent_State._Done Agent_State._Done
DONE HERE Agent_State._Done Agent_State._Done
DONE HERE Agent_State._Done Agent_State._Done
DONE HERE Agent_State._Done Agent_State._Done
DELIVERING HERE Agent_State._Delivering Agent_State._Delivering
Done with 74 timesteps.
Order; o0 ; agent agent0 ; agent pos: (9, 9) ; pickup: (9, 9) ; d_required: 12.7 ; t_begin: 1 ; t_pick: 10 ; t_end: 29 ; t_diff: 9 ; d_performed: 19 ; loss: 6.27
Order; o1 ; agent agent1 ; agent pos: (4, 9) ; pickup: (4, 9) ; d_required: 9.8 ; t_begin: 1 ; t_pick: 38 ; t_end: 62 ; t_diff: 37 ; d_performed: 24 ; loss: 14.15
Order; o2 ; agent agent3 ; agent pos: (0, 9) ; pickup: (0, 9) ; d_required: 9.0 ; t_begin: 1 ; t_pick: 29 ; t_end: 43 ; t_diff: 28 ; d_performed: 14 ; loss: 5.0
Order; o3 ; agent agent5 ; agent pos: (0, 9) ; pickup: (0, 9) ; d_required: 9.0 ; t_begin: 10 ; t_pick: 14 ; t_end: 24 ; t_diff: 4 ; d_performed: 10 ; loss: 1.0
Order; o4 ; agent agent4 ; agent pos: (4, 9) ; pickup: (4, 9) ; d_required: 9.8 ; t_begin: 15 ; t_pick: 15 ; t_end: 33 ; t_diff: 0 ; d_performed: 18 ; loss: 8.15
Order; o5 ; agent agent2 ; agent pos: (9, 9) ; pickup: (9, 9) ; d_required: 12.7 ; t_begin: 25 ; t_pick: 32 ; t_end: 55 ; t_diff: 7 ; d_performed: 23 ; loss: 10.27
Order; o6 ; agent agent5 ; agent pos: (0, 9) ; pickup: (0, 9) ; d_required: 9.0 ; t_begin: 40 ; t_pick: 55 ; t_end: 73 ; t_diff: 15 ; d_performed: 18 ; loss: 9.0
Order; o7 ; agent agent4 ; agent pos: (4, 9) ; pickup: (4, 9) ; d_required: 9.8 ; t_begin: 40 ; t_pick: 51 ; t_end: 67 ; t_diff: 11 ; d_performed: 16 ; loss: 6.15
agent: agent0 , number of order-changes: 11 , unequal changes:  0
agent: agent1 , number of order-changes: 9 , unequal changes:  2
agent: agent2 , number of order-changes: 15 , unequal changes:  11
agent: agent3 , number of order-changes: 24 , unequal changes:  20
agent: agent4 , number of order-changes: 32 , unequal changes:  22
agent: agent5 , number of order-changes: 36 , unequal changes:  27
average order switches 13.666666666666666
 avg delivery: 17.75 avg total: 31.625 avg waitinglist: 13.875